1.37096288299
-0.643747924219
0.3552165671
-0.280278501436
-0.798967907662
-1.57643373514
0.832865022896
0.0671064270961
-0.302480516461
-0.0240587417738
0.0300040611155
-0.363182087912
-0.101305173101
0.368345726507
0.243912993957
0.322700461588
0.191203423671
-0.157961019276
0.328453660747
-0.287942147537
-0.328882264656
-1.0206142394
-0.501798574665
-0.463144018958
0.426465989461
-0.551179633863
1.20102097275
0.564442415622
-0.96667771365
-0.451825525365
-0.45040595908
0.414283446397
-0.483189146062
1.07013377905
0.497047836051
